2133
2118
2103
2114
2122
2118
2114
2110
2109
2124
2131
2101
2114
2109
2111
2106
2113
2107
2104
2126
2125
2107
2107
2113
2122
2129
2114
2104
2106
2119
2119
2115
2114
2109
2103
2125
2109
2107
2105
2114
2117
2131
2139
2109
2111
2114
2111
2100
2111
2113
2110
2106
2108
2111
2104
2110
2104
2115
2104
2113
2124
2102
2103
2112
2107
2110
2099
2103
2108
2108
2125
2105
2105
2100
2117
2121
2101
2107
2102
2102
2127
2102
2102
2109
2108
2107
2109
2099
2112
2106
2115
2111
2103
2117
2102
2136
2106
2102
2100
2109
2126
2099
2100
2105
2109
2137
2105
2104
2133
2123
2135
2113
2112
2111
2126
2155
2143
2130
2130
2112
2130
2114
2108
2105
2113
2139
2114
2103
2116
2120
2138
2121
2103
2118
2113
2135
2107
2108
2115
2117
2138
2106
2104
2105
2111
2126
2104
2105
2107
2122
2124
2104
2115
2112
2110
2143
2109
2102
2114
2107
2124
2108
2104
2104
2112
2134
2108
2112
2106
2113
2125
2111
2109
2118
2109
2146
2141
2133
2127
2123
2123
2111
2102
2106
2111
2134
2106
2100
2103
2111
2130
2103
2102
2107
2116
2131
2105
2102
2105
2108
2132
2113
2105
2105
2105
2127
2106
2107
2103
2108
2131
2110
2104
2108
2106
2121
2102
2107
2114
2111
2129
2102
2112
2110
2119
2122
2108
2103
2107
2120
2121
2102
2112
2103
2103
2129
2102
2108
2104
2110
2143
2105
2103
2104
2111
2117
2102
2099
2104
2112
2132
2116
2102
2108
2101
2125
2104
2105
2101
2101
2116
2111
2103
2100
2104
2118
2109
2101
2108
2106
2129
2103
2098
2110
2106
2134
2103
2105
2111
2100
2119
2098
2099
2106
2112
2123
2100
2106
2101
2105
2111
2100
2099
2106
2097
2126
2100
2102
2108
2108
2123
2108
2099
2109
2106
2118
2105
2104
2099
2100
2120
2098
2100
2100
2147
2142
2119
2115
2114
2118
2134
2111
2104
2104
2106
2130
2107
2102
2113
2105
2125
2108
2103
2105
2110
2129
2106
2102
2100
2113
2136
2105
2108
2108
2106
2118
2105
2103
2103
2114
2130
2104
2102
2121
2104
2141
2118
2103
2110
2114
2126
2115
2102
2106
2109
2121
2108
2116
2130
2107
2127
2106
2106
2143
2130
2147
2125
2105
2107
2104
2115
2105
2107
2110
2111
2118
2103
2102
2107
2101
2128
2107
2101
2104
2109
2122
2106
2102
2109
2105
2120
2102
2099
2106
2107
2128
2103
2103
2102
2105
2144
2103
2110
2122
2099
2121
2116
2103
2104
2110
2118
2103
2103
2108
2106
2113
2103
2101
2121
2101
2124
2105
2098
2102
2104
2113
2105
2104
2120
2130
2128
2102
2107
2109
2106
2124
2106
2109
2103
2103
2117
2103
2101
2103
2102
2110
2101
2103
2113
2106
2123
2107
2100
2105
2100
2113
2109
2097
2104
2101
2121
2116
2100
2103
2098
2107
2101
2110
2100
2111
2111
2106
2101
2098
2099
2122
2101
2108
2100
2101
2122
2101
2097
2105
2097
2114
2105
2102
2101
2097
2112
2100
2100
2101
2096
2108
2099
2097
2101
2104
2111
2103
2102
2103
2105
2124
2110
2101
2132
2130
2126
2106
2101
2102
2104
2121
2114
2103
2106
2100
2121
2100
2101
2114
2101
2123
2112
2105
2103
2100
2129
2103
2109
2113
2106
2122
2101
2102
2111
2104
2112
2104
2102
2106
2105
2127
2104
2106
2109
2100
2122
2110
2120
2107
2102
2120
2109
2108
2109
2110
2136
2115
2120
2114
2105
2123
2121
2114
2102
2101
2116
2145
2134
2129
2134
2123
2100
2109
2108
2102
2126
2112
2116
2105
2103
2119
2101
2104
2104
2134
2126
2109
2119
2106
2110
2117
2105
2121
2113
2118
2126
2113
2120
2115
2122
2121
2111
2110
2107
2112
2125
2105
2112
2109
2107
2110
2109
2109
2144
2141
2140
2119
2117
2114
2107
2140
2118
2120
2125
2129
2134
2117
2110
2112
2115
2112
2109
2113
2114
2103
2112
2115
2116
2144
2119
2121
2106
2112
2100
2104
2109
2105
2103
2109
2104
2103
2143
2104
2098
2104
2125
2101
2102
2112
2106
2107
2104
2108
2102
2138
2134
2103
2099
2105
2099
2111
2105
2121
2109
2106
2110
2101
2110
2106
2111
2107
2104
2107
2099
2106
2122
2108
2105
2106
2105
2100
2069
2059
2067
2102
2114
2108
2135
2135
2120
2118
2133
2113
2115
2106
2109
2102
2113
2110
2104
2113
2101
2101
2100
2111
2148
2117
2127
2112
2119
2110
2112
2111
2102
2106
2119
2119
2117
2111
2108
2109
2118
2109
2103
2109
2122
2108
2105
2107
2103
2103
2106
2117
2106
2106
2113
2112
2112
2105
2110
2111
2101
2108
2102
2103
2117
2114
2108
2113
2120
2137
2115
2127
2128
2128
2142
2141
2110
2107
2105
2106
2106
2106
2099
2105
2117
2106
2105
2117
2109
2115
2110
2110
2104
2102
2128
2113
2109
2105
2107
2110
2108
2109
2106
2107
2119
2111
2114
2107
2113
2116
2108
2120
2111
2111
2130
2100
2106
2110
2102
2103
2103
2110
2116
2101
2124
2105
2148
2102
2101
2110
2102
2106
2119
2104
2127
2104
2111
2101
2125
2099
2100
2106
2108
2102
2135
2104
2103
2100
2101
2101
2102
2102
2105
2110
2109
2109
2104
2100
2101
2105
2100
2107
2102
2110
2119
2100
2100
2102
2105
2102
2107
2104
2107
2104
2115
2102
2109
2136
2104
2108
2101
2104
2104
2109
2110
2100
2107
2102
2111
2110
2105
2140
2111
2109
2112
2108
2104
2100
2104
2107
2098
2107
2109
2104
2114
2100
2104
2103
2100
2103
2119
2109
2134
2127
2134
2117
2110
2119
2104
2108
2108
2105
2110
2104
2108
2115
2108
2111
2140
2113
2106
2109
2117
2110
2121
2109
2110
2101
2104
2103
2102
2104
2110
2109
2120
2108
2110
2137
2105
2110
2102
2108
2111
2104
2126
2117
2112
2109
2103
2108
2102
2117
2111
2111
2123
2104
2170
2122
2125
2116
2134
2122
2122
2129
2120
2114
2108
2101
2104
2101
2105
2100
2102
2101
2114
2099
2101
2102
2103
2101
2101
2099
2100
2097
2103
2105
2104
2100
2114
2103
2105
2101
2102
2098
2103
2102
2113
2098
2101
2101
2108
2097
2103
2097
2107
2104
2100
2099
2104
2108
2100
2101
2101
2103
2100
2097
2103
2099
2101
2106
2099
2100
2100
2099
2098
2103
2100
2104
2102
2100
2104
2101
2102
2104
2127
2124
2107
2095
2097
2103
2101
2099
2099
2095
2101
2098
2098
2097
2100
2098
2097
2098
2099
2098
2104
2098
2102
2098
2103
2100
2098
2102
2098
2102
2099
2097
2098
2099
2096
2096
2096
2095
2098
2094
2097
2096
2100
2094
2099
2101
2096
2100
2097
2096
2104
2094
2096
2096
2100
2095
2098
2095
2095
2096
2098
2096
2098
2094
2096
2096
2096
2094
2100
2094
2106
2095
2096
2098
2099
2097
2099
2094
2095
2096
2096
2094
2096
2096
2107
2101
2098
2103
2096
2127
2123
2112
2100
2105
2101
2106
2107
2098
2131
2106
2115
2101
2099
2114
2105
2114
2104
2099
2114
2103
2104
2097
2097
2112
2103
2103
2100
2099
2108
2118
2108
2101
2099
2117
2111
2116
2107
2109
2121
2098
2106
2101
2102
2104
2100
2101
2101
2107
2107
2101
2108
2111
2101
2109
2110
2110
2100
2134
2121
2132
2111
2113
2110
2113
2119
2111
2116
2109
2102
2124
2102
2110
2111
2109
2135
2115
2105
2109
2108
2128
2114
2103
2103
2101
2114
2102
2102
2105
2107
2118
2109
2103
2110
2105
2126
2109
2102
2114
2105
2139
2133
2105
2101
2106
2124
2107
2100
2107
2101
2114
2107
2105
2102
2098
2125
2109
2104
2101
2100
2106
2110
2103
2107
2096
2115
2104
2101
2110
2103
2106
2106
2099
2101
2101
2116
2101
2100
2105
2098
2184
2128
2101
2158
2111
2126
2113
2114
2105
2105
2122
2109
2104
2148
2102
2108
2100
2101
2106
2100
2109
2104
2110
2078
2063
2071
2061
2050
2054
2100
2152
2127
2126
2158
2109
2132
2119
2108
2100
2117
2125
2108
2108
2140
2102
2111
2104
2102
2110
2111
2118
2110
2102
2160
2105
2110
2110
2104
2102
2117
2127
2114
2106
2157
2105
2116
2121
2104
2114
2103
2119
2104
2108
2149
2109
2114
2109
2109
2102
2109
2110
2112
2101
2147
2114
2106
2106
2102
2103
2124
2162
2121
2125
2139
2102
2108
2108
2102
2107
2109
2122
2104
2101
2155
2102
2107
2111
2107
2102
2103
2124
2104
2102
2135
2108
2116
2103
2104
2104
2100
2120
2113
2105
2147
2106
2111
2107
2106
2101
2100
2121
2105
2106
2140
2100
2117
2110
2113
2103
2104
2128
2103
2103
2161
2105
2119
2116
2131
2122
2101
2129
2107
2106
2147
2102
2110
2107
2097
2102
2103
2118
2106
2099
2144
2103
2109
2111
2099
2105
2105
2116
2117
2097
2155
2099
2106
2104
2099
2099
2100
2130
2112
2100
2142
2101
2109
2106
2102
2100
2100
2129
2113
2112
2150
2104
2099
2104
2102
2096
2100
2104
2102
2107
2149
2102
2106
2098
2096
2097
2103
2112
2112
2097
2181
2106
2128
2139
2120
2115
2103
2112
2110
2105
2142
2104
2120
2107
2113
2104
2103
2133
2117
2103
2143
2105
2140
2106
2104
2103
2111
2121
2110
2103
2147
2101
2109
2113
2101
2102
2101
2137
2113
2108
2133
2107
2110
2117
2103
2101
2105
2123
2105
2104
2144
2108
2109
2116
2105
2112
2106
2156
2144
2127
2144
2111
2124
2111
2109
2106
2106
2113
2112
2112
2149
2104
2115
2105
2104
2104
2108
2130
2108
2098
2149
2102
2107
2111
2099
2108
2100
2117
2117
2102
2131
2104
2111
2115
2102
2103
2105
2118
2112
2107
2151
2101
2123
2105
2109
2107
2105
2130
2106
2104
2139
2104
2117
2106
2109
2123
2119
2118
2104
2097
2147
2105
2115
2111
2101
2104
2100
2134
2104
2100
2135
2103
2109
2104
2099
2105
2100
2118
2114
2098
2137
2096
2104
2104
2106
2108
2101
2121
2108
2104
2144
2109
2121
2109
2112
2100
2099
2124
2104
2099
2141
2101
2112
2114
2105
2106
2099
2131
2110
2101
2151
2106
2119
2104
2102
2098
2106
2128
2110
2096
2169
2127
2125
2119
2105
2104
2112
2128
2109
2110
2162
2110
2116
2109
2107
2107
2101
2112
2088
2105
2145
2107
2119
2111
2105
2103
2102
2131
2112
2109
2152
2103
2121
2108
2121
2105
2106
2107
2122
2104
2143
2100
2107
2118
2107
2113
2104
2112
2113
2105
2139
2117
2127
2114
2107
2104
2101
2138
2146
2121
2148
2110
2122
2122
2108
2101
2100
2117
2119
2103
2145
2108
2119
2122
2105
2107
2105
2110
2112
2106
2147
2108
2110
2104
2114
2100
2114
2108
2111
2105
2161
2107
2114
2108
2110
2108
2106
2119
2110
2107
2158
2107
2158
2127
2110
2111
2111
2117
2110
2100
2151
2119
2149
2132
2131
2104
2109
2125
2103
2098
2142
2108
2132
2101
2146
2114
2102
2146
2122
2137
2124
2098
2109
2106
2126
2115
2104
2157
2113
2107
2110
2101
2106
2103
2118
2109
2103
2154
2101
2123
2102
2099
2099
2097
2113
2118
2105
2153
2106
2129
2110
2127
2144
2132
2133
2099
2112
2139
2101
2173
2135
2125
2154
2118
2105
2121
2107
2116
2102
2116
2114
2111
2133
2104
2112
2119
2107
2110
2114
2100
2107
2104
2134
2115
2172
2139
2106
2105
2097
2107
2101
2096
2106
2105
2099
2096
2096
2099
2097
2098
2099
2098
2098
2110
2099
2105
2100
2110
2106
2099
2101
2102
2103
2103
2100
2100
2106
2061
2068
2135
2119
2107
2120
2117
2102
2105
2114
2111
2108
2103
2105
2107
2110
2114
2105
2106
2108
2116
2111
2107
2111
2101
2120
2108
2110
2115
2115
2114
2111
2100
2102
2106
2114
2110
2111
2115
2103
2111
2105
2102
2106
2110
2124
2102
2107
2105
2108
2134
2113
2104
2103
2102
2119
2101
2113
2102
2103
2111
2102
2101
2112
2105
2138
2124
2136
2127
2115
2113
2105
2103
2104
2178
2154
2134
2130
2108
2119
2122
2113
2132
2105
2120
2122
2122
2113
2106
2111
2110
2104
2105
2114
2116
2123
2110
2102
2101
2102
2116
2126
2101
2113
2121
2123
2110
2107
2113
2111
2110
2104
2126
2106
2129
2138
2110
2125
2116
2143
2123
2119
2110
2107
2108
2131
2111
2106
2130
2103
2110
2103
2100
2109
2102
2129
2104
2110
2108
2120
2106
2105
2105
2098
2108
2126
2106
2100
2116
2108
2116
2107
2125
2100
2112
2113
2103
2110
2101
2117
2106
2096
2099
2101
2113
2126
2100
2102
2102
2105
2114
2103
2099
2105
2101
2116
2102
2099
2100
2104
2104
2105
2103
2100
2179
2134
2128
2204
2148
2133
2126
2110
2129
2111
2113
2152
2123
2157
2123
2114
2173
2119
2166
2137
2123
2114
2106
2110
2109
2113
2099
2109
2102
2104
2130
2109
2103
2100
2103
2106
2104
2111
2110
2102
2100
2126
2108
2109
2111
2111
2104
2103
2107
2105
2106
2102
2107
2104
2103
2105
2102
2109
2104
2103
2101
2111
2104
2136
2144
2122
2115
2102
2104
2120
2106
2104
2105
2103
2112
2106
2100
2102
2099
2107
2103
2110
2102
2105
2106
2115
2104
2105
2101
2103
2107
2106
2105
2104
2102
2111
2101
2101
2103
2105
2112
2106
2110
2104
2102
2103
2106
2101
2100
2107
2104
2116
2108
2103
2103
2101
2102
2101
2107
2106
2113
2106
2103
2102
2115
2115
2106
2104
2119
2110
2105
2112
2109
2110
2105
2104
2125
2099
2101
2108
2103
2106
2104
2097
2104
2104
2104
2099
2107
2102
2097
2113
2102
2100
2101
2103
2101
2102
2103
2099
2103
2107
2099
2098
2106
2103
2099
2100
2106
2101
2103
2068
2051
2105
2098
2099
2097
2103
2102
2099
2105
2111
2105
2102
2104
2101
2098
2100
2111
2104
2101
2103
2100
2105
2105
2099
2096
2101
2102
2102
2106
2109
2103
2103
2104
2103
2097
2098
2104
2103
2101
2103
2101
2108
2098
2099
2099
2131
2126
2124
2106
2107
2134
2113
2106
2101
2103
2110
2104
2104
2105
2116
2106
2104
2104
2105
2100
2108
2105
2105
2104
2112
2103
2105
2106
2106
2102
2104
2105
2102
2103
2105
2108
2109
2104
2106
2102
2105
2106
2105
2102
2109
2105
2104
2109
2101
2103
2103
2102
2104
2105
2103
2101
2128
2105
2108
2108
2102
2108
2101
2099
2111
2104
2103
2131
2130
2124
2125
2110
2109
2101
2107
2103
2103
2102
2101
2103
2101
2146
2125
2115
2114
2107
2108
2113
2116
2102
2101
2105
2113
2103
