4	10016.694490818 10008.520595022 10024.868386614 0 0 0 5.962500000 5.823588674 6.101411326 108116.000000000 108112.799333354 108119.200666646
14	10016.694490818 10012.325522556 10021.063459080 0 0 0 7.672500000 7.580088548 7.764911452 108309.000000000 107881.062676864 108736.937323136
24	10014.890064013 10011.803581216 10017.976546810 0 0 0 9.682500000 9.592190993 9.772809007 107007.000000000 107005.040000000 107008.960000000
34	10013.656907054 10011.228551849 10016.085262259 0 0 0 11.607500000 11.481647242 11.733352758 108809.000000000 108805.246885696 108812.753114304
44	10012.151591098 10010.226446268 10014.076735928 0 0 0 13.372500000 13.306337299 13.438662701 106972.000000000 106972.000000000 106972.000000000
54	10011.574647189 10009.911314642 10013.237979736 0 0 0 15.327500000 15.218848094 15.436151906 108880.000000000 108876.799333354 108883.200666646
64	10011.596019744 10010.087254796 10013.104784692 0 0 0 17.177500000 17.032721791 17.322278209 107052.000000000 107042.398000209 107061.601999791
74	10010.934393638 10009.596673765 10012.272113511 0 0 0 18.897500000 18.525497371 19.269502629 107030.000000000 107018.240000000 107041.760000000
84	10010.390747855 10009.188445020 10011.593050690 0 0 0 21.042500000 20.686414604 21.398585396 107466.000000000 106586.529850422 108345.470149578
94	10009.962817342 10008.867543087 10011.058091597 0 0 0 22.820000000 22.414591400 23.225408600 106988.000000000 106974.420721670 107001.579278330
104	10009.553064539 10008.547528166 10010.558600912 0 0 0 24.742500000 24.684044007 24.800955993 107426.000000000 106530.839868628 108321.160131372
114	10009.126925898 10008.199626186 10010.054225610 0 0 0 26.565000000 26.106419684 27.023580316 108762.000000000 108748.233412442 108775.766587558
124	10008.932426597 10008.063498270 10009.801354924 0 0 0 28.197500000 27.963339465 28.431660535 106931.000000000 106921.200000000 106940.800000000
134	10008.817505120 10007.996284855 10009.638725385 0 0 0 29.887500000 29.649273309 30.125726691 106945.000000000 106943.040000000 106946.960000000
144	10008.579200669 10007.805379927 10009.353021411 0 0 0 31.735000000 31.547259009 31.922740991 106925.000000000 106921.246885696 106928.753114304
154	10008.502402852 10007.764392686 10009.240413018 0 0 0 33.750000000 33.532625485 33.967374515 106872.000000000 106872.000000000 106872.000000000
164	10008.270876304 10007.571455120 10008.970297488 0 0 0 35.295000000 35.164866481 35.425133519 106847.000000000 106845.040000000 106848.960000000
174	10008.085942012 10007.419872481 10008.752011543 0 0 0 37.257500000 37.020485831 37.494514169 106861.000000000 106859.040000000 106862.960000000
184	10008.029861616 10007.389152145 10008.670571087 0 0 0 38.910000000 38.567233880 39.252766120 106836.000000000 106836.000000000 106836.000000000
194	10007.824036892 10007.212528532 10008.435545252 0 0 0 41.082500000 40.691696201 41.473303799 107268.000000000 106382.080000000 108153.920000000
204	10007.638854664 10007.053673906 10008.224035422 0 0 0 43.082500000 42.307602531 43.857397469 106787.000000000 106771.525513483 106802.474486517
214	10007.659054600 10007.090269492 10008.227839708 0 0 0 45.475000000 44.612247607 46.337752393 106761.000000000 106747.280000000 106774.720000000
224	10007.512608311 10006.965402169 10008.059814453 0 0 0 47.052500000 46.196307477 47.908692523 106742.000000000 106732.668533504 106751.331466496
234	10007.335191008 10006.809463306 10007.860918710 0 0 0 49.527500000 48.612143802 50.442856198 106716.000000000 106699.996667005 106732.003332995
244	10007.297614875 10006.786695123 10007.808534627 0 0 0 51.612500000 50.597316492 52.627683508 106692.000000000 106680.459832455 106703.540167545
254	10007.262212069 10006.765074854 10007.759349284 0 0 0 53.562500000 52.216854368 54.908145632 106673.000000000 106658.202324508 106687.797675492
264	10007.140225387 10006.659291360 10007.621159414 0 0 0 55.370000000 54.197407579 56.542592421 108013.000000000 107128.970468367 108897.029531633
274	10007.125541761 10006.655928586 10007.595154936 0 0 0 56.570000000 55.216440476 57.923559524 106667.000000000 106654.449876496 106679.550123504
284	10007.040672880 10006.584314427 10007.497031333 0 0 0 59.317500000 57.615054956 61.019945044 106640.000000000 106626.420721670 106653.579278330
294	10007.020588017 10006.574379179 10007.466796855 0 0 0 61.517500000 59.715323433 63.319676567 108426.000000000 108410.157508625 108441.842491375
304	10006.989262152 10006.553095625 10007.425428679 0 0 0 62.970000000 61.744229180 64.195770820 106560.000000000 106546.420721670 106573.579278330
314	10006.960035922 10006.533313662 10007.386758182 0 0 0 64.950000000 63.575412441 66.324587559 106536.000000000 106524.459832455 106547.540167545
324	10006.933432826 10006.515567745 10007.351297907 0 0 0 66.870000000 64.755333484 68.984666516 106512.000000000 106498.420721670 106525.579278330
334	10006.836369485 10006.429466210 10007.243272760 0 0 0 69.500000000 67.525630261 71.474369739 108299.000000000 108287.294571048 108310.705428952
344	10006.755008907 10006.358073157 10007.151944657 0 0 0 71.582500000 69.395139781 73.769860219 106466.000000000 106454.240000000 106477.760000000
354	10006.659614937 10006.272740564 10007.046489310 0 0 0 74.640000000 74.373771678 74.906228322 106929.000000000 106041.120000000 107816.880000000
364	10006.569841474 10006.192457848 10006.947225100 0 0 0 77.207500000 76.673759756 77.741240244 106907.000000000 106020.424740853 107793.575259147
374	10006.557701031 10006.186739882 10006.928662180 0 0 0 77.842500000 76.821248776 78.863751224 106443.000000000 106428.202324508 106457.797675492
384	10006.483365050 10006.120734040 10006.845996060 0 0 0 77.837500000 75.878866352 79.796133648 106426.000000000 106416.668533504 106435.331466496
394	10006.404680277 10006.050233917 10006.759126637 0 0 0 81.057500000 78.648475012 83.466524988 106397.000000000 106384.449876496 106409.550123504
404	10006.338274192 10005.991320331 10006.685228053 0 0 0 85.067500000 84.594427903 85.540572097 106365.000000000 106363.040000000 106366.960000000
414	10006.266538954 10005.927022367 10006.606055541 0 0 0 87.282500000 86.934600000 87.630400000 106339.000000000 106337.040000000 106340.960000000
424	10006.253839294 10005.919506510 10006.588172078 0 0 0 88.755000000 87.815136060 89.694863940 106333.000000000 106318.202324508 106347.797675492
434	10006.312520089 10005.980750368 10006.644289810 0 0 0 88.047500000 85.681260016 90.413739984 106320.000000000 106320.000000000 106320.000000000
444	10006.246167124 10005.921016619 10006.571317629 0 0 0 92.037500000 88.846516315 95.228483685 106281.000000000 106268.449876496 106293.550123504
454	10006.251805542 10005.930643036 10006.572968048 0 0 0 95.495000000 95.207552452 95.782447548 106258.000000000 106255.736787017 106260.263212983
464	10006.248391691 10005.931393812 10006.565389570 0 0 0 97.892500000 97.516730377 98.268269623 106231.000000000 106229.040000000 106232.960000000
474	10006.187447004 10005.876363044 10006.498530964 0 0 0 96.837500000 94.505218386 99.169781614 106226.000000000 106214.240000000 106237.760000000
484	10006.250086903 10005.940689241 10006.559484565 0 0 0 98.762500000 94.872501748 102.652498252 106197.000000000 106182.202324508 106211.797675492
494	10006.247955957 10005.942249550 10006.553662364 0 0 0 104.297500000 103.814582689 104.780417311 106169.000000000 106165.246885696 106172.753114304
504	10006.300296307 10005.996416842 10006.604175772 0 0 0 106.037500000 105.603312441 106.471687559 106143.000000000 106141.040000000 106144.960000000
514	10006.297798719 10005.997389877 10006.598207561 0 0 0 104.500000000 100.643088888 108.356911112 106148.000000000 106148.000000000 106148.000000000
524	10006.241743831 10005.946402788 10006.537084874 0 0 0 106.810000000 102.743366041 110.876633959 106113.000000000 106100.449876496 106125.550123504
534	10006.240003533 10005.947888741 10006.532118325 0 0 0 112.400000000 111.930553404 112.869446596 106079.000000000 106077.040000000 106080.960000000
544	10006.237534222 10005.948581897 10006.526486547 0 0 0 113.550000000 112.213649707 114.886350293 106068.000000000 106054.420721670 106081.579278330
554	10006.241616250 10005.955525465 10006.527707035 0 0 0 111.722500000 109.082879143 114.362120857 106059.000000000 106057.040000000 106060.960000000
564	10006.190525985 10005.908906666 10006.472145304 0 0 0 114.815000000 110.370043654 119.259956346 106025.000000000 106010.202324508 106039.797675492
574	10006.141453046 10005.864139889 10006.418766203 0 0 0 120.560000000 120.007247856 121.112752144 105990.000000000 105987.736787017 105992.263212983
584	10006.094552128 10005.821376975 10006.367727281 0 0 0 120.760000000 118.329086345 123.190913655 105980.000000000 105966.420721670 105993.579278330
594	10006.049119302 10005.779949373 10006.318289231 0 0 0 122.067500000 118.658223103 125.476776897 105960.000000000 105946.420721670 105973.579278330
604	10006.004782619 10005.739504806 10006.270060432 0 0 0 128.145000000 127.821500531 128.468499469 105924.000000000 105920.799333354 105927.200666646
