343189
343654
346112
347285
348342
348975
349198
349335
349357
349386
349588
350364
350401
350440
350568
350571
350588
350682
351972
352151
352410
352725
353077
353087
353140
353218
353308
353312
353341
353363
353522
353615
353625
354191
354449
354658
354801
355192
355454
355929
356071
356240
356367
356491
356849
356942
356948
356982
357115
357231
357257
357310
357312
357329
357335
357340
357354
357375
357386
357410
357421
357648
357679
357746
357825
357847
357868
357952
357967
358181
358220
358508
358667
359067
359129
359563
359682
359699
359923
359934
359995
360086
360099
360251
360271
360338
360457
360667
360829
361320
361774
361828
362082
362337
362390
362451
362495
362589
362604
362627
362724
362911
362957
363433
363669
363717
363774
363820
363961
363976
364050
364070
364089
364302
364408
364709
365086
365268
365621
365694
366033
366039
366116
366127
366223
366303
366934
367007
367038
367069
367149
367440
367497
367498
367513
367848
368184
368184
368738
368906
368985
368989
368993
369078
369233
369263
369265
369268
369373
369686
369787
369800
370000
370375
370438
370587
370594
370724
370924
371039
371108
371399
371589
371860
371939
372209
372454
372695
373199
373447
373582
373830
374546
374756
374818
374837
375193
375800
375896
376047
376844
377303
377394
377924
378161
378332
378408
378550
378618
378744
378783
379140
379651
380465
380722
380759
381083
381121
381158
381260
381286
381340
381430
381725
381979
383125
383282
383368
383510
383921
384113
384694
384744
385019
385175
385277
385649
386133
386444
386458
386528
386703
386740
386918
387018
387217
387384
389557
389730
391236
391287
391332
391446
393547
393761
395618
