-10939.000000
-10495.000000
-10149.000000
-9562.000000
-8046.000000
-7391.000000
-7389.000000
-7144.000000
-7033.000000
-7009.000000
-6878.000000
-6743.000000
-6618.000000
-6544.000000
-6282.000000
-6207.000000
-4453.000000
-4407.000000
-4401.000000
-4371.000000
-4325.000000
-4318.000000
-4314.000000
-4309.000000
-4268.000000
-4229.000000
-4172.000000
-4096.000000
-4081.000000
-4068.000000
-4065.000000
-4038.000000
-4025.000000
-3890.000000
-3886.000000
-3851.000000
-3686.000000
-3647.000000
-3606.000000
-3599.000000
-3589.000000
-3580.000000
-3564.000000
-3519.000000
-3509.000000
-3499.000000
-3432.000000
-3375.000000
-3343.000000
-3280.000000
-3216.000000
-3212.000000
-3199.000000
-3149.000000
-3116.000000
-3062.000000
-2939.000000
-2868.000000
-2840.000000
-2791.000000
-2689.000000
-2677.000000
-2664.000000
-2647.000000
-2612.000000
-2474.000000
-2345.000000
-1815.000000
-1638.000000
-1250.000000
-1184.000000
-1136.000000
-1071.000000
-988.000000
-948.000000
-906.000000
-886.000000
-771.000000
-756.000000
-733.000000
-715.000000
-671.000000
-651.000000
-647.000000
-594.000000
-590.000000
-575.000000
-563.000000
-530.000000
-522.000000
-491.000000
-463.000000
-459.000000
-420.000000
-387.000000
-327.000000
-319.000000
-293.000000
-255.000000
-253.000000
-245.000000
-240.000000
-231.000000
-187.000000
-185.000000
-177.000000
-159.000000
-159.000000
-127.000000
-120.000000
-105.000000
-86.000000
-79.000000
-62.000000
-51.000000
-46.000000
-44.000000
-37.000000
-37.000000
-33.000000
-32.000000
-26.000000
-19.000000
-4.000000
5.000000
62.000000
94.000000
103.000000
105.000000
128.000000
143.000000
151.000000
173.000000
235.000000
243.000000
252.000000
296.000000
334.000000
340.000000
369.000000
372.000000
375.000000
377.000000
392.000000
396.000000
465.000000
475.000000
553.000000
563.000000
602.000000
672.000000
686.000000
753.000000
1326.000000
1532.000000
1766.000000
1841.000000
1933.000000
2071.000000
2209.000000
2246.000000
2253.000000
2280.000000
2304.000000
2409.000000
2414.000000
2458.000000
2477.000000
2505.000000
2569.000000
2596.000000
2607.000000
2617.000000
2620.000000
2620.000000
2650.000000
2659.000000
2736.000000
2736.000000
2750.000000
2812.000000
2863.000000
2877.000000
2906.000000
2935.000000
2936.000000
3029.000000
3041.000000
3055.000000
3071.000000
3090.000000
3128.000000
3138.000000
3139.000000
3154.000000
3162.000000
3168.000000
3176.000000
3254.000000
3329.000000
3354.000000
3354.000000
3361.000000
3376.000000
3394.000000
3411.000000
3438.000000
3456.000000
3560.000000
3623.000000
3661.000000
3724.000000
3733.000000
3872.000000
3884.000000
4028.000000
4054.000000
4115.000000
4218.000000
4511.000000
5889.000000
6022.000000
6256.000000
6377.000000
6538.000000
6583.000000
6747.000000
6819.000000
6890.000000
7089.000000
7382.000000
13496.000000
