343.3
344.2
344.7
347.4
347.4
347.8
349.4
349.9
350.0
350.5
350.5
350.7
351.0
351.5
351.9
352.0
352.2
352.2
352.3
352.6
352.9
353.0
353.1
353.2
353.3
353.3
353.5
353.5
353.5
353.6
353.6
353.8
354.0
354.4
354.5
354.6
354.6
354.7
354.7
354.8
354.9
354.9
354.9
354.9
355.2
355.3
355.6
355.6
356.0
356.0
356.0
356.0
356.1
356.2
356.2
356.3
356.6
356.7
356.7
357.0
357.0
357.0
357.1
357.2
357.3
357.4
357.4
357.4
357.5
357.6
357.6
357.6
357.8
357.9
357.9
357.9
358.0
358.0
358.1
358.1
358.3
358.4
358.4
358.4
358.5
358.5
358.6
358.6
358.8
358.8
358.8
358.9
358.9
359.1
359.2
359.3
359.6
359.7
360.0
360.0
360.0
360.1
360.3
360.7
360.8
361.2
361.3
361.4
361.4
361.5
361.6
361.7
361.7
361.8
361.9
362.1
362.1
362.2
362.7
363.2
363.7
363.7
363.9
363.9
364.0
364.1
364.1
364.5
364.6
364.7
365.0
365.2
365.3
365.3
365.4
365.8
366.0
367.0
367.0
367.1
367.7
367.7
368.0
368.3
369.1
369.1
369.3
369.5
369.5
369.5
369.6
369.6
369.7
369.8
369.9
370.1
370.1
370.2
370.3
370.3
370.6
370.7
370.9
370.9
371.1
371.1
371.3
371.7
372.4
372.5
372.6
372.8
372.9
373.1
373.2
373.6
374.0
374.0
374.5
374.5
374.6
374.7
374.7
374.7
374.7
374.7
374.8
374.9
374.9
375.0
375.1
375.3
375.3
375.6
375.8
376.9
377.0
377.4
377.7
377.7
377.7
377.8
377.8
377.8
377.9
378.1
378.1
378.3
378.5
378.7
379.0
379.2
379.4
380.7
381.0
381.9
382.1
382.3
383.1
383.4
385.9
385.9
498.3
