-204888000.000000
-19530000.000000
-13402000.000000
-10618000.000000
-10445000.000000
-10366000.000000
-9257000.000000
-7820000.000000
-7781000.000000
-7737000.000000
-7499000.000000
-6427000.000000
-6334000.000000
-6329000.000000
-6301000.000000
-6291000.000000
-6188000.000000
-6121000.000000
-4993000.000000
-4894000.000000
-4864000.000000
-4844000.000000
-4835000.000000
-4829000.000000
-4804000.000000
-4802000.000000
-4782000.000000
-4768000.000000
-4627000.000000
-4619000.000000
-4585000.000000
-4579000.000000
-4561000.000000
-4553000.000000
-4495000.000000
-3643000.000000
-3515000.000000
-3384000.000000
-3375000.000000
-3372000.000000
-3353000.000000
-3350000.000000
-3346000.000000
-3344000.000000
-3332000.000000
-3332000.000000
-3331000.000000
-3250000.000000
-3209000.000000
-3145000.000000
-3129000.000000
-3110000.000000
-3104000.000000
-3102000.000000
-3101000.000000
-3097000.000000
-3093000.000000
-3081000.000000
-3080000.000000
-3028000.000000
-2852000.000000
-2112000.000000
-2090000.000000
-2058000.000000
-1908000.000000
-1893000.000000
-1892000.000000
-1891000.000000
-1885000.000000
-1834000.000000
-1827000.000000
-1825000.000000
-1716000.000000
-1653000.000000
-1634000.000000
-1629000.000000
-1623000.000000
-1616000.000000
-1615000.000000
-1612000.000000
-1607000.000000
-1604000.000000
-1600000.000000
-1548000.000000
-662000.000000
-630000.000000
-613000.000000
-479000.000000
-470000.000000
-422000.000000
-405000.000000
-402000.000000
-398000.000000
-394000.000000
-385000.000000
-381000.000000
-374000.000000
-374000.000000
-352000.000000
-339000.000000
-328000.000000
-327000.000000
-294000.000000
-292000.000000
-216000.000000
-204000.000000
-204000.000000
-189000.000000
-176000.000000
-170000.000000
-168000.000000
-167000.000000
-165000.000000
-164000.000000
-163000.000000
-149000.000000
-130000.000000
-127000.000000
-111000.000000
-92000.000000
924000.000000
1031000.000000
1045000.000000
1050000.000000
1052000.000000
1068000.000000
1084000.000000
1087000.000000
1087000.000000
1089000.000000
1092000.000000
1092000.000000
1093000.000000
1093000.000000
1099000.000000
1107000.000000
1113000.000000
1117000.000000
1118000.000000
1121000.000000
1139000.000000
1140000.000000
1198000.000000
1243000.000000
1278000.000000
1291000.000000
1298000.000000
1310000.000000
1325000.000000
1329000.000000
1330000.000000
1334000.000000
1339000.000000
1345000.000000
1357000.000000
1359000.000000
1360000.000000
1419000.000000
1420000.000000
1446000.000000
1520000.000000
2361000.000000
2398000.000000
2501000.000000
2528000.000000
2543000.000000
2558000.000000
2558000.000000
2561000.000000
2565000.000000
2567000.000000
2573000.000000
2577000.000000
2582000.000000
2592000.000000
2595000.000000
2595000.000000
2597000.000000
2597000.000000
2610000.000000
2614000.000000
2638000.000000
2639000.000000
2689000.000000
2726000.000000
2727000.000000
2776000.000000
2795000.000000
2797000.000000
2799000.000000
2815000.000000
2818000.000000
2848000.000000
2865000.000000
2885000.000000
3770000.000000
4004000.000000
4013000.000000
4029000.000000
4033000.000000
4036000.000000
4040000.000000
4042000.000000
4045000.000000
4046000.000000
4051000.000000
4057000.000000
4061000.000000
4079000.000000
4081000.000000
4130000.000000
4185000.000000
4293000.000000
4294000.000000
4298000.000000
4306000.000000
4310000.000000
4342000.000000
5416000.000000
5455000.000000
5478000.000000
5480000.000000
5485000.000000
5507000.000000
5554000.000000
5555000.000000
5570000.000000
5784000.000000
8464000.000000
8712000.000000
14372000.000000
203126000.000000
