341989000.0
341998000.0
344038000.0
346415000.0
346652000.0
346977000.0
347428000.0
347456000.0
347610000.0
348027000.0
348104000.0
348535000.0
348562000.0
348692000.0
348692000.0
348980000.0
349062000.0
349213000.0
349382000.0
349389000.0
349809000.0
350296000.0
350329000.0
350456000.0
350504000.0
350545000.0
350842000.0
351064000.0
351090000.0
351131000.0
351132000.0
351216000.0
351253000.0
351569000.0
351614000.0
351618000.0
351773000.0
351865000.0
351920000.0
351947000.0
352199000.0
352403000.0
352424000.0
353041000.0
353202000.0
353229000.0
353397000.0
353511000.0
353709000.0
354105000.0
354228000.0
354364000.0
354583000.0
354636000.0
355041000.0
355043000.0
355079000.0
355140000.0
355171000.0
355192000.0
355577000.0
355869000.0
355874000.0
355893000.0
355966000.0
356001000.0
356130000.0
356370000.0
356489000.0
356533000.0
356574000.0
356647000.0
356690000.0
356739000.0
357003000.0
357044000.0
357059000.0
357093000.0
357461000.0
357549000.0
357578000.0
357822000.0
358107000.0
358413000.0
358601000.0
358825000.0
359124000.0
359175000.0
359286000.0
359287000.0
359707000.0
359749000.0
359770000.0
360052000.0
360092000.0
360198000.0
360240000.0
360396000.0
360532000.0
360559000.0
361528000.0
361855000.0
361856000.0
362217000.0
362582000.0
362876000.0
362973000.0
363574000.0
364094000.0
364136000.0
364302000.0
364641000.0
364994000.0
365202000.0
366134000.0
366246000.0
366373000.0
366694000.0
366767000.0
366831000.0
366949000.0
367751000.0
367855000.0
367866000.0
368140000.0
368196000.0
368526000.0
368671000.0
368722000.0
368847000.0
368981000.0
369185000.0
369455000.0
369478000.0
369785000.0
369840000.0
370074000.0
370437000.0
370567000.0
370628000.0
370681000.0
370836000.0
370906000.0
371027000.0
371287000.0
371302000.0
371447000.0
371753000.0
372018000.0
372266000.0
373071000.0
373187000.0
373297000.0
373406000.0
373409000.0
373585000.0
373693000.0
373828000.0
373856000.0
373995000.0
374206000.0
374364000.0
374389000.0
374656000.0
374745000.0
374768000.0
374833000.0
374982000.0
375107000.0
375171000.0
375272000.0
375350000.0
375352000.0
375360000.0
375371000.0
375509000.0
375580000.0
375603000.0
375624000.0
375638000.0
375644000.0
375688000.0
375852000.0
375946000.0
376043000.0
376122000.0
376182000.0
376288000.0
376307000.0
376769000.0
376891000.0
376962000.0
376973000.0
377425000.0
377442000.0
377511000.0
377524000.0
377569000.0
377672000.0
377759000.0
377870000.0
377891000.0
378263000.0
378703000.0
378812000.0
378962000.0
379091000.0
379239000.0
379261000.0
379364000.0
379365000.0
379412000.0
379613000.0
379911000.0
380091000.0
380101000.0
380327000.0
380488000.0
380663000.0
381153000.0
381752000.0
381966000.0
382087000.0
382292000.0
382516000.0
382851000.0
382880000.0
383097000.0
383457000.0
385076000.0
385689000.0
385860000.0
385954000.0
387513000.0
387852000.0
577959000.0
